0 0.25390625 0.150390625 0.0359375 0.06953125
0 0.24921875 0.352734375 0.0765625 0.09921875
0 0.11796875 0.31015625 0.0890625 0.0890625
0 0.032421875 0.42890625 0.06484375 0.0984375
0 0.20234375 0.519140625 0.1453125 0.18828125
0 0.305859375 0.20625 0.05234375 0.071875
0 0.323828125 0.157421875 0.05078125 0.05234375
0 0.36171875 0.18046875 0.0421875 0.0859375
0 0.39140625 0.183984375 0.0296875 0.05234375
0 0.378515625 0.090234375 0.02265625 0.02421875
0 0.407421875 0.07109375 0.02421875 0.0328125
